1.000000e+01 3.680897e-03 9.963259e-01 3.355232e+00 3.589849e+00
1.100000e+01 3.827638e-03 9.961797e-01 3.367698e+00 3.625253e+00
1.200000e+01 3.937720e-03 9.960700e-01 3.372865e+00 3.653257e+00
1.300000e+01 4.098550e-03 9.959098e-01 3.389736e+00 3.692908e+00
1.400000e+01 4.288396e-03 9.957208e-01 3.413906e+00 3.739799e+00
1.500000e+01 4.524014e-03 9.954862e-01 3.449268e+00 3.797847e+00
1.600000e+01 4.798307e-03 9.952132e-01 3.495060e+00 3.866299e+00
1.700000e+01 5.153344e-03 9.948599e-01 3.561512e+00 3.955434e+00
1.800000e+01 5.661739e-03 9.943543e-01 3.666858e+00 4.083572e+00
1.900000e+01 6.476240e-03 9.935447e-01 3.850361e+00 4.290150e+00
2.000000e+01 8.031044e-03 9.920011e-01 4.222357e+00 4.685908e+00
2.100000e+01 1.156102e-02 9.885056e-01 5.091815e+00 5.580576e+00
2.200000e+01 1.834979e-02 9.818175e-01 6.735341e+00 7.250449e+00
2.300000e+01 1.617369e-02 9.839564e-01 6.195373e+00 6.732211e+00
2.400000e+01 1.186569e-02 9.882044e-01 5.092029e+00 5.648379e+00
2.500000e+01 1.008873e-02 9.899620e-01 4.614359e+00 5.191176e+00
2.600000e+01 9.534646e-03 9.905107e-01 4.444652e+00 5.042850e+00
2.700000e+01 9.504929e-03 9.905401e-01 4.408049e+00 5.028149e+00
2.800000e+01 9.751838e-03 9.902956e-01 4.440930e+00 5.083256e+00
2.900000e+01 1.029668e-02 9.897562e-01 4.544037e+00 5.208975e+00
3.000000e+01 1.098027e-02 9.890798e-01 4.680720e+00 5.368467e+00
3.100000e+01 1.140650e-02 9.886583e-01 4.766739e+00 5.476986e+00
3.200000e+01 1.219033e-02 9.878837e-01 4.932149e+00 5.665378e+00
3.300000e+01 1.310201e-02 9.869835e-01 5.127952e+00 5.884348e+00
3.400000e+01 1.414903e-02 9.859506e-01 5.355890e+00 6.135641e+00
3.500000e+01 1.535164e-02 9.847656e-01 5.620524e+00 6.423831e+00
3.600000e+01 1.703571e-02 9.831086e-01 5.992587e+00 6.820016e+00
3.700000e+01 1.831144e-02 9.818552e-01 6.280138e+00 7.131188e+00
3.800000e+01 2.021871e-02 9.799843e-01 6.707648e+00 7.582989e+00
3.900000e+01 2.225795e-02 9.779879e-01 7.170237e+00 8.069946e+00
4.000000e+01 2.473542e-02 9.755680e-01 7.732324e+00 8.656727e+00
4.100000e+01 2.766293e-02 9.727162e-01 8.398100e+00 9.347454e+00
4.200000e+01 3.115379e-02 9.693265e-01 9.193009e+00 1.016757e+01
4.300000e+01 3.540867e-02 9.652109e-01 1.016084e+01 1.116090e+01
4.400000e+01 4.049694e-02 9.603121e-01 1.131947e+01 1.234522e+01
4.500000e+01 4.682580e-02 9.542536e-01 1.275644e+01 1.380813e+01
4.600000e+01 5.476282e-02 9.467097e-01 1.455200e+01 1.562985e+01
4.700000e+01 6.502571e-02 9.370434e-01 1.685816e+01 1.796239e+01
4.800000e+01 7.861656e-02 9.243943e-01 1.988448e+01 2.101526e+01
4.900000e+01 9.731452e-02 9.072706e-01 2.399399e+01 2.515148e+01
5.000000e+01 1.247839e-01 8.826876e-01 2.991141e+01 3.109579e+01
5.100000e+01 1.698151e-01 8.438208e-01 3.932247e+01 4.053396e+01
5.200000e+01 2.658141e-01 7.665816e-01 5.807500e+01 5.931406e+01
5.300000e+01 5.169224e-01 5.963531e-01 9.968001e+01 1.009465e+02
5.400000e+01 1.245625e+00 2.877609e-01 1.768061e+02 1.780988e+02
5.500000e+01 3.163241e+00 4.228846e-02 2.443365e+02 2.456539e+02
5.600000e+01 8.267658e+00 2.566858e-04 2.622532e+02 2.635948e+02
5.700000e+01 1.808568e+01 1.397935e-08 2.647888e+02 2.661542e+02
5.800000e+01 1.796562e+01 1.576275e-08 2.657442e+02 2.671335e+02
5.900000e+01 2.335398e+01 7.202700e-11 2.660414e+02 2.674547e+02
6.000000e+01 2.359831e+01 5.641377e-11 2.662554e+02 2.676926e+02
6.100000e+01 2.449695e+01 2.296736e-11 2.662481e+02 2.677092e+02
6.200000e+01 2.081391e+01 9.133396e-10 2.660216e+02 2.675066e+02
6.300000e+01 2.499785e+01 1.391785e-11 2.648826e+02 2.663915e+02
6.400000e+01 6.028077e+00 2.410123e-03 2.599361e+02 2.614688e+02
6.500000e+01 2.271963e+00 1.031096e-01 2.267481e+02 2.283043e+02
6.600000e+01 9.173808e-01 3.995642e-01 1.491095e+02 1.506877e+02
6.700000e+01 4.375402e-01 6.456225e-01 8.766856e+01 8.926666e+01
6.800000e+01 2.621445e-01 7.693998e-01 5.717219e+01 5.878883e+01
6.900000e+01 1.865811e-01 8.297913e-01 4.240424e+01 4.403923e+01
7.000000e+01 1.452511e-01 8.648051e-01 3.389549e+01 3.554877e+01
7.100000e+01 1.183450e-01 8.883895e-01 2.818375e+01 2.985508e+01
7.200000e+01 9.925968e-02 9.055075e-01 2.404475e+01 2.573382e+01
7.300000e+01 8.506757e-02 9.184502e-01 2.091722e+01 2.262376e+01
7.400000e+01 7.419520e-02 9.284904e-01 1.849066e+01 2.021442e+01
7.500000e+01 6.572876e-02 9.363848e-01 1.657951e+01 1.832034e+01
7.600000e+01 5.895281e-02 9.427513e-01 1.503655e+01 1.679431e+01
7.700000e+01 5.332663e-02 9.480703e-01 1.374945e+01 1.552392e+01
7.800000e+01 4.865333e-02 9.525113e-01 1.267625e+01 1.446733e+01
7.900000e+01 4.518231e-02 9.558232e-01 1.186988e+01 1.367812e+01
8.000000e+01 4.187978e-02 9.589851e-01 1.110705e+01 1.293189e+01
8.100000e+01 3.920427e-02 9.615543e-01 1.047979e+01 1.232145e+01
8.200000e+01 3.656995e-02 9.640907e-01 9.859177e+00 1.171693e+01
8.300000e+01 3.441998e-02 9.661656e-01 9.348768e+00 1.122288e+01
8.400000e+01 3.263792e-02 9.678889e-01 8.923713e+00 1.081445e+01
8.500000e+01 3.113249e-02 9.693471e-01 8.562863e+00 1.047043e+01
8.600000e+01 2.985433e-02 9.705869e-01 8.254836e+00 1.017944e+01
8.700000e+01 2.878359e-02 9.716267e-01 7.995156e+00 9.937056e+00
8.800000e+01 2.788948e-02 9.724958e-01 7.776393e+00 9.735866e+00
8.900000e+01 2.704739e-02 9.733151e-01 7.569048e+00 9.545975e+00
9.000000e+01 2.637459e-02 9.739702e-01 7.400858e+00 9.395627e+00
9.100000e+01 2.581071e-02 9.745195e-01 7.258156e+00 9.270999e+00
9.200000e+01 2.535414e-02 9.749646e-01 7.141028e+00 9.172242e+00
9.300000e+01 2.506083e-02 9.752506e-01 7.060476e+00 9.110636e+00
9.400000e+01 2.768907e-02 9.726908e-01 7.593616e+00 9.674591e+00
9.500000e+01 2.470017e-02 9.756024e-01 6.954491e+00 9.043390e+00
9.600000e+01 2.549768e-02 9.748246e-01 7.105054e+00 9.217579e+00
9.700000e+01 2.472049e-02 9.755826e-01 6.937459e+00 9.066778e+00
9.800000e+01 2.480787e-02 9.754973e-01 6.949333e+00 9.099273e+00
9.900000e+01 2.507885e-02 9.752330e-01 7.002047e+00 9.173516e+00
1.000000e+02 2.565589e-02 9.746704e-01 7.121559e+00 9.316056e+00
1.010000e+02 2.638575e-02 9.739593e-01 7.274494e+00 9.492743e+00
1.020000e+02 2.802245e-02 9.723665e-01 7.613758e+00 9.859664e+00
1.030000e+02 2.756358e-02 9.728128e-01 7.535302e+00 9.800005e+00
1.040000e+02 2.954635e-02 9.708859e-01 7.960177e+00 1.025412e+01
1.050000e+02 2.995971e-02 9.704846e-01 8.071440e+00 1.038813e+01
1.060000e+02 3.173282e-02 9.687654e-01 8.470457e+00 1.081538e+01
1.070000e+02 3.404910e-02 9.665240e-01 8.992565e+00 1.136750e+01
1.080000e+02 3.713459e-02 9.635464e-01 9.687981e+00 1.209504e+01
1.090000e+02 4.123317e-02 9.596053e-01 1.061038e+01 1.305171e+01
1.100000e+02 4.697982e-02 9.541067e-01 1.189695e+01 1.437534e+01
1.110000e+02 5.811283e-02 9.435435e-01 1.430182e+01 1.682508e+01
1.120000e+02 6.575948e-02 9.363561e-01 1.609230e+01 1.865096e+01
1.130000e+02 8.328638e-02 9.200876e-01 1.994091e+01 2.254388e+01
1.140000e+02 1.127873e-01 8.933407e-01 2.627488e+01 2.892426e+01
1.150000e+02 1.713706e-01 8.425093e-01 3.827746e+01 4.097510e+01
1.160000e+02 2.876774e-01 7.500035e-01 6.035714e+01 6.309978e+01
1.170000e+02 6.322861e-01 5.313756e-01 1.128349e+02 1.156197e+02
1.180000e+02 2.289381e+00 1.013291e-01 2.202435e+02 2.230631e+02
1.190000e+02 6.520127e+00 1.473482e-03 2.509268e+02 2.537717e+02
1.200000e+02 1.082047e+00 3.389010e-01 1.597387e+02 1.626012e+02
1.210000e+02 3.979822e-01 6.716740e-01 7.902752e+01 8.189675e+01
1.220000e+02 2.065613e-01 8.133764e-01 4.520414e+01 4.807226e+01
1.230000e+02 1.296821e-01 8.783746e-01 2.974946e+01 3.261200e+01
1.240000e+02 1.027374e-01 9.023639e-01 2.379893e+01 2.666387e+01
1.250000e+02 7.130124e-02 9.311813e-01 1.719021e+01 2.004031e+01
1.260000e+02 5.751796e-02 9.441049e-01 1.414072e+01 1.698521e+01
1.270000e+02 4.795939e-02 9.531725e-01 1.201162e+01 1.485127e+01
1.280000e+02 4.238788e-02 9.584979e-01 1.073518e+01 1.357584e+01
1.290000e+02 3.758923e-02 9.631085e-01 9.653405e+00 1.249432e+01
1.300000e+02 3.439356e-02 9.661912e-01 8.922133e+00 1.176726e+01
1.310000e+02 3.249080e-02 9.680314e-01 8.474661e+00 1.132890e+01
1.320000e+02 3.032410e-02 9.701311e-01 7.982260e+00 1.084307e+01
1.330000e+02 2.901974e-02 9.713973e-01 7.678456e+00 1.055008e+01
1.340000e+02 2.799044e-02 9.723977e-01 7.439501e+00 1.032328e+01
1.350000e+02 2.713261e-02 9.732322e-01 7.239806e+00 1.013652e+01
1.360000e+02 2.660861e-02 9.737423e-01 7.115039e+00 1.002694e+01
1.370000e+02 2.720023e-02 9.731664e-01 7.224366e+00 1.015971e+01
1.380000e+02 2.603662e-02 9.742994e-01 6.982188e+00 9.928196e+00
1.390000e+02 2.584497e-02 9.744862e-01 6.935477e+00 9.899132e+00
1.400000e+02 2.576764e-02 9.745615e-01 6.910415e+00 9.892488e+00
1.410000e+02 2.562638e-02 9.746992e-01 6.872843e+00 9.872791e+00
1.420000e+02 3.179123e-02 9.687088e-01 8.123372e+00 1.118700e+01
1.430000e+02 2.628085e-02 9.740615e-01 7.019744e+00 1.006420e+01
1.440000e+02 2.629134e-02 9.740513e-01 7.029377e+00 1.009356e+01
1.450000e+02 3.166741e-02 9.688287e-01 8.124526e+00 1.124745e+01
1.460000e+02 2.581104e-02 9.745192e-01 6.912516e+00 1.001056e+01
1.470000e+02 2.580245e-02 9.745276e-01 6.911549e+00 1.002879e+01
1.480000e+02 2.610649e-02 9.742313e-01 6.978616e+00 1.011791e+01
1.490000e+02 2.704587e-02 9.733166e-01 7.178048e+00 1.034481e+01
1.500000e+02 2.711439e-02 9.732499e-01 7.208106e+00 1.039538e+01
1.510000e+02 2.818245e-02 9.722110e-01 7.437491e+00 1.065325e+01
1.520000e+02 2.764386e-02 9.727347e-01 7.340615e+00 1.057186e+01
1.530000e+02 2.781509e-02 9.725682e-01 7.381395e+00 1.063360e+01
1.540000e+02 3.605470e-02 9.645875e-01 9.105112e+00 1.243665e+01
1.550000e+02 2.863863e-02 9.717676e-01 7.577788e+00 1.087650e+01
1.560000e+02 2.937488e-02 9.710524e-01 7.747672e+00 1.107240e+01
1.570000e+02 2.972579e-02 9.707117e-01 7.841068e+00 1.118879e+01
1.580000e+02 3.038275e-02 9.700742e-01 7.999952e+00 1.137314e+01
1.590000e+02 3.115933e-02 9.693211e-01 8.186935e+00 1.158653e+01
1.600000e+02 3.203865e-02 9.684691e-01 8.398947e+00 1.182573e+01
1.610000e+02 3.300207e-02 9.675366e-01 8.632160e+00 1.208670e+01
1.620000e+02 3.409862e-02 9.664762e-01 8.897389e+00 1.238056e+01
1.630000e+02 3.539915e-02 9.652201e-01 9.210550e+00 1.272364e+01
1.640000e+02 3.704950e-02 9.636284e-01 9.601870e+00 1.314691e+01
1.650000e+02 5.064080e-02 9.506201e-01 1.244776e+01 1.608354e+01
1.660000e+02 4.640848e-02 9.546519e-01 1.161707e+01 1.525531e+01
1.670000e+02 4.294064e-02 9.579683e-01 1.102790e+01 1.467223e+01
1.680000e+02 4.540872e-02 9.556068e-01 1.163463e+01 1.531387e+01
1.690000e+02 4.885070e-02 9.523233e-01 1.246326e+01 1.618125e+01
1.700000e+02 5.236112e-02 9.489861e-01 1.332650e+01 1.708236e+01
1.710000e+02 5.707049e-02 9.445275e-01 1.446690e+01 1.826399e+01
1.720000e+02 6.316374e-02 9.387897e-01 1.593224e+01 1.977325e+01
1.730000e+02 7.120821e-02 9.312680e-01 1.784823e+01 2.173593e+01
1.740000e+02 8.183545e-02 9.214236e-01 2.036167e+01 2.429832e+01
1.750000e+02 9.734460e-02 9.072433e-01 2.394557e+01 2.793480e+01
1.760000e+02 1.189104e-01 8.878874e-01 2.884539e+01 3.288814e+01
1.770000e+02 1.466593e-01 8.635881e-01 3.517175e+01 3.926606e+01
1.780000e+02 1.933493e-01 8.241941e-01 4.528325e+01 4.943161e+01
1.790000e+02 2.723369e-01 7.615977e-01 6.135069e+01 6.555222e+01
1.800000e+02 4.192035e-01 6.575703e-01 8.806019e+01 9.231215e+01
1.810000e+02 7.149560e-01 4.892136e-01 1.314713e+02 1.357683e+02
1.820000e+02 1.373404e+00 2.532434e-01 1.926225e+02 1.969576e+02
1.830000e+02 2.523686e+00 8.016358e-02 2.376674e+02 2.420322e+02
1.840000e+02 2.031582e+00 1.311279e-01 2.243661e+02 2.287530e+02
1.850000e+02 1.053586e+00 3.486850e-01 1.676987e+02 1.720998e+02
1.860000e+02 5.864852e-01 5.562791e-01 1.140743e+02 1.184815e+02
1.870000e+02 3.687878e-01 6.915721e-01 7.925021e+01 8.365729e+01
1.880000e+02 2.559100e-01 7.742117e-01 5.801757e+01 6.242021e+01
1.890000e+02 1.912751e-01 8.259053e-01 4.474901e+01 4.914487e+01
1.900000e+02 1.512521e-01 8.596310e-01 3.609663e+01 4.048490e+01
1.910000e+02 1.250215e-01 8.824779e-01 3.023371e+01 3.461494e+01
1.920000e+02 1.070916e-01 8.984434e-01 2.613356e+01 3.050927e+01
1.930000e+02 9.503064e-02 9.093451e-01 2.330707e+01 2.768053e+01
1.940000e+02 8.580399e-02 9.177741e-01 2.114143e+01 2.551419e+01
1.950000e+02 8.016675e-02 9.229624e-01 1.971666e+01 2.409376e+01
1.960000e+02 7.415151e-02 9.285310e-01 1.829166e+01 2.267060e+01
1.970000e+02 6.750230e-02 9.347256e-01 1.680073e+01 2.117741e+01
1.980000e+02 6.417523e-02 9.378406e-01 1.599703e+01 2.038040e+01
1.990000e+02 6.157863e-02 9.402790e-01 1.536271e+01 1.975468e+01
2.000000e+02 6.003857e-02 9.417282e-01 1.497572e+01 1.938043e+01
